family: tag36h11
nthreads: 1
quad_decimate: 1.0
quad_sigma: 0.0
refine_edges: 1
decode_sharpening: 0.25
debug: 0
num_imgs: 30
tag_size: 0.07
checkerboard:
  rows: 9
  cols: 6
intrinsics:
  fx: 657.9925200089876
  fy: 665.2494330592472
  cx: 378.0520012853851
  cy: 221.23422999388706
  k1: -0.42631424156443154
  k2: -0.8623875237902474
  k3: 7.639270675457151
  p1: -0.002390391219460086
  p2: -0.02303403491948016
